    nm         	nN
4.694790e+002	-4.204093e-002
4.693662e+002	-3.233918e-002
4.690783e+002	-3.557310e-002
4.686153e+002	-5.174269e-002
4.683931e+002	-5.012573e-002
4.682364e+002	-4.365789e-002
4.680579e+002	-3.880702e-002
4.676169e+002	-5.335965e-002
4.675697e+002	-3.880702e-002
4.673474e+002	-3.719006e-002
4.670157e+002	-4.365789e-002
4.666841e+002	-5.012573e-002
4.665931e+002	-3.880702e-002
4.662614e+002	-4.527485e-002
4.661267e+002	-3.719006e-002
4.657075e+002	-5.012573e-002
4.656166e+002	-3.880702e-002
4.654818e+002	-3.072222e-002
4.652596e+002	-2.910526e-002
4.650811e+002	-2.425438e-002
4.649901e+002	-1.293567e-002
4.645928e+002	-2.425438e-002
4.643705e+002	-2.263742e-002
4.641264e+002	-2.263742e-002
4.637728e+002	-3.072222e-002
4.633099e+002	-4.689181e-002
4.631314e+002	-4.204093e-002
4.630623e+002	-2.910526e-002
4.630369e+002	-1.293567e-002
4.625521e+002	-3.072222e-002
4.625268e+002	-1.455263e-002
4.620638e+002	-3.072222e-002
4.619947e+002	-1.778655e-002
4.618162e+002	-1.293567e-002
4.617471e+002	0.000000e+000
4.614155e+002	-6.467836e-003
4.611275e+002	-9.701754e-003
4.610803e+002	4.850877e-003
4.609456e+002	1.293567e-002
4.603951e+002	-9.701754e-003
4.602823e+002	0.000000e+000
4.597537e+002	-2.102047e-002
4.598159e+002	1.616959e-003
4.592873e+002	-1.940351e-002
4.592619e+002	-3.233918e-003
4.588865e+002	-1.293567e-002
4.588174e+002	0.000000e+000
4.585733e+002	0.000000e+000
4.583292e+002	0.000000e+000
4.581944e+002	8.084795e-003
4.575783e+002	-1.940351e-002
4.578155e+002	1.616959e-002
4.574182e+002	4.850877e-003
4.572179e+002	8.084795e-003
4.568643e+002	0.000000e+000
4.567077e+002	6.467836e-003
4.564417e+002	4.850877e-003
4.562850e+002	1.131871e-002
4.561503e+002	1.940351e-002
4.558186e+002	1.293567e-002
4.556401e+002	1.778655e-002
4.552866e+002	9.701754e-003
4.548893e+002	-1.616959e-003
4.544920e+002	-1.293567e-002
4.543572e+002	-4.850877e-003
4.541787e+002	0.000000e+000
4.539127e+002	-1.616959e-003
4.539530e+002	1.940351e-002
4.534901e+002	3.233918e-003
4.533991e+002	1.455263e-002
4.531112e+002	1.131871e-002
4.528889e+002	1.293567e-002
4.524697e+002	0.000000e+000
4.522256e+002	0.000000e+000
4.518064e+002	-1.293567e-002
4.517154e+002	-1.616959e-003
4.514932e+002	0.000000e+000
4.513365e+002	6.467836e-003
4.513331e+002	2.425438e-002
4.508920e+002	9.701754e-003
4.507136e+002	1.455263e-002
4.502725e+002	0.000000e+000
4.498096e+002	-1.616959e-002
4.498280e+002	3.233918e-003
4.495838e+002	3.233918e-003
4.494491e+002	1.131871e-002
4.491831e+002	9.701754e-003
4.486545e+002	-1.131871e-002
4.484104e+002	-1.131871e-002
4.482537e+002	-4.850877e-003
4.481846e+002	8.084795e-003
4.479186e+002	6.467836e-003
4.478276e+002	1.778655e-002
4.473647e+002	1.616959e-003
4.471424e+002	3.233918e-003
4.468326e+002	-1.616959e-003
4.467635e+002	1.131871e-002
4.464100e+002	3.233918e-003
4.462971e+002	1.293567e-002
4.460311e+002	1.131871e-002
4.460495e+002	3.072222e-002
4.455647e+002	1.293567e-002
4.452987e+002	1.131871e-002
4.450764e+002	1.293567e-002
4.448761e+002	1.616959e-002
4.448069e+002	2.910526e-002
4.444753e+002	2.263742e-002
4.440561e+002	9.701754e-003
4.437244e+002	3.233918e-003
4.438741e+002	3.233918e-002
4.437175e+002	3.880702e-002
4.434296e+002	3.557310e-002
4.429667e+002	1.940351e-002
4.426569e+002	1.455263e-002
4.428285e+002	4.527485e-002
4.422999e+002	2.425438e-002
4.422527e+002	3.880702e-002
4.418772e+002	2.910526e-002
4.414799e+002	1.778655e-002
4.411921e+002	1.455263e-002
4.412323e+002	3.557310e-002
4.408788e+002	2.748830e-002
4.407441e+002	3.557310e-002
4.403030e+002	2.102047e-002
4.402558e+002	3.557310e-002
4.399679e+002	3.233918e-002
4.401176e+002	6.144444e-002
4.394140e+002	2.748830e-002
4.391479e+002	2.587134e-002
4.387725e+002	1.616959e-002
4.389003e+002	4.365789e-002
4.384374e+002	2.748830e-002
4.382589e+002	3.233918e-002
4.382336e+002	4.850877e-002
4.379457e+002	4.527485e-002
4.377234e+002	4.689181e-002
4.371730e+002	2.425438e-002
4.372133e+002	4.527485e-002
4.367941e+002	3.233918e-002
4.364843e+002	2.748830e-002
4.363277e+002	3.395614e-002
4.361054e+002	3.557310e-002
4.355987e+002	1.616959e-002
4.357046e+002	4.204093e-002
4.356793e+002	5.821052e-002
4.351726e+002	3.880702e-002
4.348410e+002	3.233918e-002
4.347719e+002	4.527485e-002
4.345496e+002	4.689181e-002
4.342180e+002	4.042397e-002
4.339957e+002	4.204093e-002
4.336859e+002	3.719006e-002
4.336168e+002	5.012573e-002
4.333727e+002	5.012573e-002
4.327347e+002	2.102047e-002
4.327750e+002	4.204093e-002
4.327278e+002	5.659356e-002
4.320898e+002	2.748830e-002
4.319332e+002	3.395614e-002
4.320172e+002	5.821052e-002
4.314449e+002	3.395614e-002
4.313101e+002	4.204093e-002
4.312192e+002	5.335965e-002
4.310407e+002	5.821052e-002
4.305777e+002	4.204093e-002
4.303336e+002	4.204093e-002
4.301988e+002	5.012573e-002
4.300203e+002	5.497661e-002
4.297762e+002	5.497661e-002
4.293133e+002	3.880702e-002
4.289379e+002	2.910526e-002
4.287812e+002	3.557310e-002
4.286028e+002	4.042397e-002
4.282055e+002	2.910526e-002
4.281145e+002	4.042397e-002
4.280891e+002	5.659356e-002
4.276043e+002	3.880702e-002
4.273602e+002	3.880702e-002
4.272036e+002	4.527485e-002
4.268281e+002	3.557310e-002
4.266715e+002	4.204093e-002
4.264055e+002	4.042397e-002
4.259644e+002	2.587134e-002
4.256984e+002	2.425438e-002
4.255199e+002	2.910526e-002
4.256915e+002	5.982748e-002
4.252942e+002	4.850877e-002
4.251595e+002	5.659356e-002
4.248059e+002	4.850877e-002
4.246055e+002	5.174269e-002
4.244927e+002	6.144444e-002
4.241172e+002	5.174269e-002
4.239388e+002	5.659356e-002
4.235852e+002	4.850877e-002
4.235380e+002	6.306140e-002
4.231407e+002	5.174269e-002
4.229622e+002	5.659356e-002
4.226524e+002	5.174269e-002
4.222770e+002	4.204093e-002
4.221641e+002	5.174269e-002
4.221388e+002	6.791228e-002
4.217634e+002	5.821052e-002
4.215630e+002	6.144444e-002
4.211876e+002	5.174269e-002
4.208122e+002	4.204093e-002
4.209181e+002	6.791228e-002
4.208271e+002	7.923099e-002
4.204736e+002	7.114619e-002
4.202513e+002	7.276316e-002
4.198540e+002	6.144444e-002
4.196099e+002	6.144444e-002
4.195408e+002	7.438011e-002
4.190122e+002	5.335965e-002
4.189869e+002	6.952924e-002
4.186552e+002	6.306140e-002
4.184329e+002	6.467836e-002
4.182982e+002	7.276316e-002
4.179228e+002	6.306140e-002
4.177005e+002	6.467836e-002
4.174564e+002	6.467836e-002
4.171466e+002	5.982748e-002
4.168587e+002	5.659356e-002
4.167021e+002	6.306140e-002
4.164580e+002	6.306140e-002
4.163451e+002	7.276316e-002
4.159040e+002	5.821052e-002
4.156162e+002	5.497661e-002
4.155689e+002	6.952924e-002
4.155873e+002	8.893274e-002
4.151682e+002	7.599707e-002
4.150553e+002	8.569882e-002
4.147236e+002	7.923099e-002
4.143701e+002	7.114619e-002
4.137978e+002	4.689181e-002
4.137943e+002	6.467836e-002
4.135721e+002	6.629532e-002
4.135467e+002	8.246491e-002
4.131057e+002	6.791228e-002
4.129709e+002	7.599707e-002
4.125736e+002	6.467836e-002
4.121763e+002	5.335965e-002
4.121729e+002	7.114619e-002
4.120819e+002	8.246491e-002
4.117502e+002	7.599707e-002
4.113748e+002	6.629532e-002
4.112182e+002	7.276316e-002
4.109303e+002	6.952924e-002
4.107518e+002	7.438011e-002
4.105951e+002	8.084795e-002
4.103510e+002	8.084795e-002
4.099318e+002	6.791228e-002
4.096439e+002	6.467836e-002
4.094873e+002	7.114619e-002
4.093088e+002	7.599707e-002
4.090428e+002	7.438011e-002
4.089737e+002	8.731579e-002
4.086201e+002	7.923099e-002
4.083103e+002	7.438011e-002
4.080662e+002	7.438011e-002
4.078221e+002	7.438011e-002
4.074685e+002	6.629532e-002
4.071588e+002	6.144444e-002
4.070896e+002	7.438011e-002
4.069549e+002	8.246491e-002
4.066013e+002	7.438011e-002
4.063572e+002	7.438011e-002
4.060912e+002	7.276316e-002
4.057158e+002	6.306140e-002
4.056248e+002	7.438011e-002
4.052275e+002	6.306140e-002
4.051146e+002	7.276316e-002
4.049142e+002	7.599707e-002
4.048014e+002	8.569882e-002
4.043384e+002	6.952924e-002
4.040286e+002	6.467836e-002
4.039814e+002	7.923099e-002
4.037154e+002	7.761403e-002
4.036463e+002	9.054970e-002
4.032052e+002	7.599707e-002
4.029173e+002	7.276316e-002
4.028263e+002	8.408187e-002
4.026478e+002	8.893274e-002
4.022724e+002	7.923099e-002
4.018532e+002	6.629532e-002
4.018279e+002	8.246491e-002
4.014744e+002	7.438011e-002
4.014490e+002	9.054970e-002
4.010080e+002	7.599707e-002
4.008076e+002	7.923099e-002
4.005197e+002	7.599707e-002
4.001661e+002	6.791228e-002
4.002502e+002	9.216666e-002
3.998966e+002	8.408187e-002
3.996306e+002	8.246491e-002
3.991677e+002	6.629532e-002
3.991204e+002	8.084795e-002
3.987669e+002	7.276316e-002
3.984134e+002	6.467836e-002
3.983224e+002	7.599707e-002
3.981876e+002	8.408187e-002
3.977247e+002	6.791228e-002
3.976994e+002	8.408187e-002
3.973020e+002	7.276316e-002
3.969923e+002	6.791228e-002
3.970982e+002	9.378362e-002
3.968103e+002	9.054970e-002
3.965005e+002	8.569882e-002
3.960376e+002	6.952924e-002
3.957934e+002	6.952924e-002
3.955493e+002	6.952924e-002
3.955240e+002	8.569882e-002
3.954111e+002	9.540058e-002
3.947950e+002	6.791228e-002
3.946602e+002	7.599707e-002
3.944817e+002	8.084795e-002
3.941063e+002	7.114619e-002
3.938841e+002	7.276316e-002
3.938150e+002	8.569882e-002
3.935927e+002	8.731579e-002
3.929547e+002	5.821052e-002
3.929294e+002	7.438011e-002
3.927071e+002	7.599707e-002
3.925505e+002	8.246491e-002
3.921094e+002	6.791228e-002
3.919747e+002	7.599707e-002
3.918399e+002	8.408187e-002
3.916833e+002	9.054970e-002
3.913735e+002	8.569882e-002
3.910419e+002	7.923099e-002
3.906665e+002	6.952924e-002
3.904661e+002	7.276316e-002
3.902657e+002	7.599707e-002
3.901528e+002	8.569882e-002
3.899087e+002	8.569882e-002
3.895770e+002	7.923099e-002
3.894204e+002	8.569882e-002
3.891325e+002	8.246491e-002
3.887352e+002	7.114619e-002
3.885567e+002	7.599707e-002
3.881813e+002	6.629532e-002
3.879809e+002	6.952924e-002
3.879118e+002	8.246491e-002
3.877114e+002	8.569882e-002
3.874454e+002	8.408187e-002
3.870699e+002	7.438011e-002
3.870227e+002	8.893274e-002
3.866911e+002	8.246491e-002
3.863375e+002	7.438011e-002
3.862684e+002	8.731579e-002
3.860243e+002	8.731579e-002
3.854082e+002	5.982748e-002
3.852516e+002	6.629532e-002
3.850074e+002	6.629532e-002
3.848727e+002	7.438011e-002
3.845410e+002	6.791228e-002
3.844063e+002	7.599707e-002
3.841402e+002	7.438011e-002
3.835461e+002	4.850877e-002
3.837176e+002	7.923099e-002
3.833859e+002	7.276316e-002
3.832293e+002	7.923099e-002
3.829195e+002	7.438011e-002
3.826316e+002	7.114619e-002
3.824969e+002	7.923099e-002
3.822746e+002	8.084795e-002
3.818554e+002	6.791228e-002
3.815894e+002	6.629532e-002
3.815641e+002	8.246491e-002
3.809917e+002	5.821052e-002
3.808351e+002	6.467836e-002
3.805253e+002	5.982748e-002
3.805219e+002	7.761403e-002
3.803215e+002	8.084795e-002
3.800117e+002	7.599707e-002
3.795488e+002	5.982748e-002
3.794796e+002	7.276316e-002
3.793668e+002	8.246491e-002
3.789476e+002	6.952924e-002
3.786597e+002	6.629532e-002
3.784812e+002	7.114619e-002
3.781277e+002	6.306140e-002
3.778617e+002	6.144444e-002
3.779457e+002	8.569882e-002
3.774828e+002	6.952924e-002
3.771511e+002	6.306140e-002
3.769507e+002	6.629532e-002
3.766409e+002	6.144444e-002
3.764405e+002	6.467836e-002
3.762839e+002	7.114619e-002
3.758429e+002	5.659356e-002
3.758175e+002	7.276316e-002
3.753546e+002	5.659356e-002
3.752636e+002	6.791228e-002
3.748444e+002	5.497661e-002
3.745346e+002	5.012573e-002
3.744218e+002	5.982748e-002
3.741995e+002	6.144444e-002
3.739773e+002	6.306140e-002
3.737987e+002	6.791228e-002
3.735765e+002	6.952924e-002
3.735074e+002	8.246491e-002
3.732413e+002	8.084795e-002
3.731066e+002	8.893274e-002
3.725999e+002	6.952924e-002
3.722683e+002	6.306140e-002
3.720460e+002	6.467836e-002
3.717800e+002	6.306140e-002
3.713827e+002	5.174269e-002
3.711823e+002	5.497661e-002
3.712007e+002	7.438011e-002
3.708909e+002	6.952924e-002
3.704280e+002	5.335965e-002
3.703807e+002	6.791228e-002
3.700710e+002	6.306140e-002
3.697174e+002	5.497661e-002
3.696045e+002	6.467836e-002
3.693823e+002	6.629532e-002
3.688756e+002	4.689181e-002
3.689597e+002	7.114619e-002
3.689124e+002	8.569882e-002
3.684495e+002	6.952924e-002
3.681178e+002	6.306140e-002
3.679612e+002	6.952924e-002
3.673889e+002	4.527485e-002
3.671885e+002	4.850877e-002
3.670975e+002	5.982748e-002
3.668315e+002	5.821052e-002
3.662810e+002	3.557310e-002
3.662994e+002	5.497661e-002
3.659896e+002	5.012573e-002
3.658112e+002	5.497661e-002
3.655670e+002	5.497661e-002
3.651260e+002	4.042397e-002
3.648818e+002	4.042397e-002
3.648565e+002	5.659356e-002
3.644154e+002	4.204093e-002
3.640837e+002	3.557310e-002
3.641678e+002	5.982748e-002
3.640112e+002	6.629532e-002
3.634170e+002	4.042397e-002
3.632822e+002	4.850877e-002
3.631475e+002	5.659356e-002
3.626627e+002	3.880702e-002
3.625717e+002	5.012573e-002
3.623932e+002	5.497661e-002
3.619959e+002	4.365789e-002
3.616423e+002	3.557310e-002
3.616607e+002	5.497661e-002
3.609134e+002	1.778655e-002
3.607568e+002	2.425438e-002
3.606439e+002	3.395614e-002
3.602903e+002	2.587134e-002
3.601556e+002	3.395614e-002
3.600646e+002	4.527485e-002
3.597548e+002	4.042397e-002
3.595544e+002	4.365789e-002
3.592228e+002	3.719006e-002
3.589568e+002	3.557310e-002
3.587345e+002	3.719006e-002
3.583591e+002	2.748830e-002
3.579618e+002	1.616959e-002
3.576739e+002	1.293567e-002
3.576704e+002	3.072222e-002
3.574700e+002	3.395614e-002
3.571165e+002	2.587134e-002
3.567848e+002	1.940351e-002
3.565626e+002	2.102047e-002
3.563403e+002	2.263742e-002
3.563806e+002	4.365789e-002
3.559395e+002	2.910526e-002
3.555422e+002	1.778655e-002
3.556044e+002	4.042397e-002
3.553165e+002	3.719006e-002
3.549411e+002	2.748830e-002
3.549376e+002	4.527485e-002
3.545403e+002	3.395614e-002
3.543180e+002	3.557310e-002
3.540739e+002	3.557310e-002
3.536766e+002	2.425438e-002
3.536075e+002	3.719006e-002
3.530789e+002	1.616959e-002
3.528348e+002	1.616959e-002
3.526344e+002	1.940351e-002
3.525872e+002	3.395614e-002
3.522118e+002	2.425438e-002
3.519020e+002	1.940351e-002
3.516578e+002	1.940351e-002
3.511512e+002	0.000000e+000
3.509289e+002	1.616959e-003
3.507504e+002	6.467836e-003
3.504844e+002	4.850877e-003
3.503715e+002	1.455263e-002
3.501492e+002	1.616959e-002
3.499707e+002	2.102047e-002
3.494640e+002	1.616959e-003
3.492199e+002	1.616959e-003
3.490414e+002	6.467836e-003
3.487097e+002	0.000000e+000
3.485531e+002	6.467836e-003
3.482871e+002	4.850877e-003
3.480429e+002	4.850877e-003
3.478207e+002	6.467836e-003
3.475765e+002	6.467836e-003
3.474418e+002	1.455263e-002
3.472852e+002	2.102047e-002
3.467566e+002	0.000000e+000
3.466000e+002	6.467836e-003
3.462245e+002	-3.233918e-003
3.460242e+002	0.000000e+000
3.457800e+002	0.000000e+000
3.455359e+002	0.000000e+000
3.452480e+002	-3.233918e-003
3.450257e+002	-1.616959e-003
3.448035e+002	0.000000e+000
3.442968e+002	-1.940351e-002
3.442495e+002	-4.850877e-003
3.441148e+002	3.233918e-003
3.437831e+002	-3.233918e-003
3.435171e+002	-4.850877e-003
3.434261e+002	6.467836e-003
3.431163e+002	1.616959e-003
3.428065e+002	-3.233918e-003
3.424968e+002	-8.084795e-003
3.423183e+002	-3.233918e-003
3.419866e+002	-9.701754e-003
3.418081e+002	-4.850877e-003
3.416077e+002	-1.616959e-003
3.413636e+002	-1.616959e-003
3.412507e+002	8.084795e-003
3.408097e+002	-6.467836e-003
3.402811e+002	-2.748830e-002
3.401463e+002	-1.940351e-002
3.401866e+002	1.616959e-003
3.396799e+002	-1.778655e-002
3.392389e+002	-3.233918e-002
3.390822e+002	-2.587134e-002
3.390569e+002	-9.701754e-003
3.388784e+002	-4.850877e-003
3.386999e+002	0.000000e+000
3.383245e+002	-9.701754e-003
3.380147e+002	-1.455263e-002
3.377706e+002	-1.455263e-002
3.375264e+002	-1.455263e-002
3.374354e+002	-3.233918e-003
3.369287e+002	-2.263742e-002
3.366627e+002	-2.425438e-002
3.363967e+002	-2.587134e-002
3.364807e+002	-1.616959e-003
3.359522e+002	-2.263742e-002
3.355767e+002	-3.233918e-002
3.356170e+002	-1.131871e-002
3.351541e+002	-2.748830e-002
3.347349e+002	-4.042397e-002
3.347315e+002	-2.263742e-002
3.343123e+002	-3.557310e-002
3.341338e+002	-3.072222e-002
3.341303e+002	-1.293567e-002
3.336017e+002	-3.395614e-002
3.335983e+002	-1.616959e-002
3.332885e+002	-2.102047e-002
3.329787e+002	-2.587134e-002
3.325376e+002	-4.042397e-002
3.322279e+002	-4.527485e-002
3.320712e+002	-3.880702e-002
3.320240e+002	-2.425438e-002
3.316923e+002	-3.072222e-002
3.314482e+002	-3.072222e-002
3.314666e+002	-1.131871e-002
3.308286e+002	-4.042397e-002
3.304532e+002	-5.012573e-002
3.303622e+002	-3.880702e-002
3.300524e+002	-4.365789e-002
3.297208e+002	-5.012573e-002
3.299799e+002	-1.293567e-002
3.297576e+002	-1.131871e-002
3.291634e+002	-3.719006e-002
3.290724e+002	-2.587134e-002
3.286314e+002	-4.042397e-002
3.284310e+002	-3.719006e-002
3.281650e+002	-3.880702e-002
3.279864e+002	-3.395614e-002
3.277861e+002	-3.072222e-002
3.273888e+002	-4.204093e-002
3.271665e+002	-4.042397e-002
3.269442e+002	-3.880702e-002
3.265032e+002	-5.335965e-002
3.262372e+002	-5.497661e-002
3.262774e+002	-3.395614e-002
3.260552e+002	-3.233918e-002
3.256141e+002	-4.689181e-002
3.252606e+002	-5.497661e-002
3.250383e+002	-5.335965e-002
3.249692e+002	-4.042397e-002
3.244844e+002	-5.821052e-002
3.241309e+002	-6.629532e-002
3.240180e+002	-5.659356e-002
3.236645e+002	-6.467836e-002
3.233766e+002	-6.791228e-002
3.230449e+002	-7.438011e-002
3.229977e+002	-5.982748e-002
3.229286e+002	-4.689181e-002
3.227063e+002	-4.527485e-002
3.224184e+002	-4.850877e-002
3.221524e+002	-5.012573e-002
3.217770e+002	-5.982748e-002
3.215328e+002	-5.982748e-002
3.211136e+002	-7.276316e-002
3.210883e+002	-5.659356e-002
3.205597e+002	-7.761403e-002
3.206875e+002	-5.012573e-002
3.204215e+002	-5.174269e-002
3.200461e+002	-6.144444e-002
3.196050e+002	-7.599707e-002
3.196453e+002	-5.497661e-002
3.194449e+002	-5.174269e-002
3.191133e+002	-5.821052e-002
3.188035e+002	-6.306140e-002
3.184937e+002	-6.791228e-002
3.180964e+002	-7.923099e-002
3.182242e+002	-5.174269e-002
3.178926e+002	-5.821052e-002
3.175609e+002	-6.467836e-002
3.172511e+002	-6.952924e-002
3.171382e+002	-5.982748e-002
3.169160e+002	-5.821052e-002
3.163437e+002	-8.246491e-002
3.163840e+002	-6.144444e-002
3.161398e+002	-6.144444e-002
3.158738e+002	-6.306140e-002
3.153452e+002	-8.408187e-002
3.154730e+002	-5.659356e-002
3.151632e+002	-6.144444e-002
3.145909e+002	-8.569882e-002
3.142374e+002	-9.378362e-002
3.142120e+002	-7.761403e-002
3.139460e+002	-7.923099e-002
3.138550e+002	-6.791228e-002
3.133702e+002	-8.569882e-002
3.131480e+002	-8.408187e-002
3.130569e+002	-7.276316e-002
3.128347e+002	-7.114619e-002
3.124811e+002	-7.923099e-002
3.124120e+002	-6.629532e-002
3.121241e+002	-6.952924e-002
3.116393e+002	-8.731579e-002
3.114390e+002	-8.408187e-002
3.114573e+002	-6.467836e-002
3.109725e+002	-8.246491e-002
3.109253e+002	-6.791228e-002
3.107249e+002	-6.467836e-002
3.102839e+002	-7.923099e-002
3.103241e+002	-5.821052e-002
3.098175e+002	-7.761403e-002
3.096171e+002	-7.438011e-002
3.094167e+002	-7.114619e-002
3.089319e+002	-8.893274e-002
3.090815e+002	-5.982748e-002
3.086405e+002	-7.438011e-002
3.083088e+002	-8.084795e-002
3.080428e+002	-8.246491e-002
3.077768e+002	-8.408187e-002
3.074889e+002	-8.731579e-002
3.074636e+002	-7.114619e-002
3.070444e+002	-8.408187e-002
3.068659e+002	-7.923099e-002
3.067311e+002	-7.114619e-002
3.060713e+002	-1.018684e-001
3.060459e+002	-8.569882e-002
3.057361e+002	-9.054970e-002
3.054045e+002	-9.701754e-002
3.051385e+002	-9.863450e-002
3.050475e+002	-8.731579e-002
3.047815e+002	-8.893274e-002
3.046248e+002	-8.246491e-002
3.042057e+002	-9.540058e-002
3.038521e+002	-1.034854e-001
3.039143e+002	-8.084795e-002
3.035389e+002	-9.054970e-002
3.031853e+002	-9.863450e-002
3.029631e+002	-9.701754e-002
3.027408e+002	-9.540058e-002
3.026498e+002	-8.408187e-002
3.023400e+002	-8.893274e-002
3.020959e+002	-8.893274e-002
3.016986e+002	-1.002515e-001
3.015420e+002	-9.378362e-002
3.012322e+002	-9.863450e-002
3.011412e+002	-8.731579e-002
3.010065e+002	-7.923099e-002
3.007185e+002	-8.246491e-002
3.002556e+002	-9.863450e-002
3.001209e+002	-9.054970e-002
2.997017e+002	-1.034854e-001
2.996545e+002	-8.893274e-002
2.994978e+002	-8.246491e-002
2.989474e+002	-1.051023e-001
2.987908e+002	-9.863450e-002
2.987217e+002	-8.569882e-002
2.982150e+002	-1.051023e-001
2.981459e+002	-9.216666e-002
2.978580e+002	-9.540058e-002
2.975919e+002	-9.701754e-002
2.971290e+002	-1.131871e-001
2.970599e+002	-1.002515e-001
2.969252e+002	-9.216666e-002
2.967904e+002	-8.408187e-002
2.964806e+002	-8.893274e-002
2.959083e+002	-1.131871e-001
2.958392e+002	-1.002515e-001
2.958576e+002	-8.084795e-002
2.954603e+002	-9.216666e-002
2.951943e+002	-9.378362e-002
2.949501e+002	-9.378362e-002
2.946185e+002	-1.002515e-001
2.945712e+002	-8.569882e-002
2.942177e+002	-9.378362e-002
2.939736e+002	-9.378362e-002
2.937950e+002	-8.893274e-002
2.933321e+002	-1.051023e-001
2.931098e+002	-1.034854e-001
2.929313e+002	-9.863450e-002
2.927966e+002	-9.054970e-002
2.925524e+002	-9.054970e-002
2.923302e+002	-8.893274e-002
2.921736e+002	-8.246491e-002
2.917544e+002	-9.540058e-002
2.916196e+002	-8.731579e-002
2.912880e+002	-9.378362e-002
2.909126e+002	-1.034854e-001
2.907559e+002	-9.701754e-002
2.904024e+002	-1.051023e-001
2.901583e+002	-1.051023e-001
2.900235e+002	-9.701754e-002
2.900419e+002	-7.761403e-002
2.895352e+002	-9.701754e-002
2.894661e+002	-8.408187e-002
2.893751e+002	-7.276316e-002
2.887591e+002	-1.002515e-001
2.884493e+002	-1.051023e-001
2.881614e+002	-1.083362e-001
2.880704e+002	-9.701754e-002
2.878262e+002	-9.701754e-002
2.876477e+002	-9.216666e-002
2.873379e+002	-9.701754e-002
2.870938e+002	-9.701754e-002
2.869591e+002	-8.893274e-002
2.866493e+002	-9.378362e-002
2.864051e+002	-9.378362e-002
2.861391e+002	-9.540058e-002
2.859606e+002	-9.054970e-002
2.856508e+002	-9.540058e-002
2.853848e+002	-9.701754e-002
2.851625e+002	-9.540058e-002
2.847871e+002	-1.051023e-001
2.844992e+002	-1.083362e-001
2.842551e+002	-1.083362e-001
2.839891e+002	-1.099532e-001
2.838543e+002	-1.018684e-001
2.837415e+002	-9.216666e-002
2.835629e+002	-8.731579e-002
2.832750e+002	-9.054970e-002
2.829434e+002	-9.701754e-002
2.826773e+002	-9.863450e-002
2.824113e+002	-1.002515e-001
2.820359e+002	-1.099532e-001
2.818574e+002	-1.051023e-001
2.817883e+002	-9.216666e-002
2.813035e+002	-1.099532e-001
2.812781e+002	-9.378362e-002
2.811653e+002	-8.408187e-002
2.807680e+002	-9.540058e-002
2.805020e+002	-9.701754e-002
2.803016e+002	-9.378362e-002
2.799699e+002	-1.002515e-001
2.797695e+002	-9.701754e-002
2.796348e+002	-8.893274e-002
2.794344e+002	-8.569882e-002
2.791903e+002	-8.569882e-002
2.786617e+002	-1.067193e-001
2.785269e+002	-9.863450e-002
2.783703e+002	-9.216666e-002
2.782574e+002	-8.246491e-002
2.776851e+002	-1.067193e-001
2.774410e+002	-1.067193e-001
2.774594e+002	-8.731579e-002
2.770840e+002	-9.701754e-002
2.767523e+002	-1.034854e-001
2.765738e+002	-9.863450e-002
2.762640e+002	-1.034854e-001
2.761949e+002	-9.054970e-002
2.759289e+002	-9.216666e-002
2.755535e+002	-1.018684e-001
2.753312e+002	-1.002515e-001
2.750652e+002	-1.018684e-001
2.748648e+002	-9.863450e-002
2.747519e+002	-8.893274e-002
2.743546e+002	-1.002515e-001
2.740011e+002	-1.083362e-001
2.738007e+002	-1.051023e-001
2.735785e+002	-1.034854e-001
2.734437e+002	-9.540058e-002
2.732433e+002	-9.216666e-002
2.728241e+002	-1.051023e-001
2.726457e+002	-1.002515e-001
2.724452e+002	-9.701754e-002
2.719823e+002	-1.131871e-001
2.718257e+002	-1.067193e-001
2.714284e+002	-1.180380e-001
2.714468e+002	-9.863450e-002
2.711370e+002	-1.034854e-001
2.709367e+002	-1.002515e-001
2.707581e+002	-9.540058e-002
2.704484e+002	-1.002515e-001
2.701823e+002	-1.018684e-001
2.701351e+002	-8.731579e-002
2.697816e+002	-9.540058e-002
2.696468e+002	-8.731579e-002
2.690964e+002	-1.099532e-001
2.687866e+002	-1.148041e-001
2.686956e+002	-1.034854e-001
2.685171e+002	-9.863450e-002
2.680542e+002	-1.148041e-001
2.679413e+002	-1.051023e-001
2.676971e+002	-1.051023e-001
2.674968e+002	-1.018684e-001
2.671432e+002	-1.099532e-001
2.669210e+002	-1.083362e-001
2.666768e+002	-1.083362e-001
2.666952e+002	-8.893274e-002
2.664292e+002	-9.054970e-002
2.662726e+002	-8.408187e-002
2.658972e+002	-9.378362e-002
2.655217e+002	-1.034854e-001
2.654745e+002	-8.893274e-002
2.651429e+002	-9.540058e-002
2.648549e+002	-9.863450e-002
2.648077e+002	-8.408187e-002
2.644323e+002	-9.378362e-002
2.641663e+002	-9.540058e-002
2.640315e+002	-8.731579e-002
2.636780e+002	-9.540058e-002
2.635433e+002	-8.731579e-002
2.632335e+002	-9.216666e-002
2.629456e+002	-9.540058e-002
2.627452e+002	-9.216666e-002
2.626323e+002	-8.246491e-002
2.622569e+002	-9.216666e-002
2.618815e+002	-1.018684e-001
2.617905e+002	-9.054970e-002
2.616120e+002	-8.569882e-002
2.614554e+002	-7.923099e-002
2.610799e+002	-8.893274e-002
2.609233e+002	-8.246491e-002
2.606792e+002	-8.246491e-002
2.601944e+002	-1.002515e-001
2.599940e+002	-9.701754e-002
2.598155e+002	-9.216666e-002
2.597901e+002	-7.599707e-002
2.592834e+002	-9.540058e-002
2.591268e+002	-8.893274e-002
2.587295e+002	-1.002515e-001
2.585948e+002	-9.216666e-002
2.584819e+002	-8.246491e-002
2.580408e+002	-9.701754e-002
2.580374e+002	-7.923099e-002
2.577057e+002	-8.569882e-002
2.573741e+002	-9.216666e-002
2.570862e+002	-9.540058e-002
2.569076e+002	-9.054970e-002
2.565979e+002	-9.540058e-002
2.564412e+002	-8.893274e-002
2.558908e+002	-1.115702e-001
2.559530e+002	-8.893274e-002
2.557307e+002	-8.731579e-002
2.555303e+002	-8.408187e-002
2.551549e+002	-9.378362e-002
2.549545e+002	-9.054970e-002
2.547541e+002	-8.731579e-002
2.544444e+002	-9.216666e-002
2.545503e+002	-6.629532e-002
2.540873e+002	-8.246491e-002
2.538870e+002	-7.923099e-002
2.536866e+002	-7.599707e-002
2.534206e+002	-7.761403e-002
2.531545e+002	-7.923099e-002
2.528885e+002	-8.084795e-002
2.525568e+002	-8.731579e-002
2.525315e+002	-7.114619e-002
2.521342e+002	-8.246491e-002
2.519557e+002	-7.761403e-002
2.516022e+002	-8.569882e-002
2.515987e+002	-6.791228e-002
2.512452e+002	-7.599707e-002
2.509354e+002	-8.084795e-002
2.506256e+002	-8.569882e-002
2.504252e+002	-8.246491e-002
2.501592e+002	-8.408187e-002
2.499807e+002	-7.923099e-002
2.496490e+002	-8.569882e-002
2.495580e+002	-7.438011e-002
2.490732e+002	-9.216666e-002
2.487634e+002	-9.701754e-002
2.485412e+002	-9.540058e-002
2.483627e+002	-9.054970e-002
2.483154e+002	-7.599707e-002
2.480275e+002	-7.923099e-002
2.478272e+002	-7.599707e-002
2.475611e+002	-7.761403e-002
2.471857e+002	-8.731579e-002
2.469853e+002	-8.408187e-002
2.466974e+002	-8.731579e-002
2.464095e+002	-9.054970e-002
2.461654e+002	-9.054970e-002
2.459650e+002	-8.731579e-002
2.458740e+002	-7.599707e-002
2.456736e+002	-7.276316e-002
2.453857e+002	-7.599707e-002
2.450322e+002	-8.408187e-002
2.446787e+002	-9.216666e-002
2.447627e+002	-6.791228e-002
2.443216e+002	-8.246491e-002
2.441431e+002	-7.761403e-002
2.437458e+002	-8.893274e-002
2.436111e+002	-8.084795e-002
2.434763e+002	-7.276316e-002
2.432541e+002	-7.114619e-002
2.429443e+002	-7.599707e-002
2.426783e+002	-7.761403e-002
2.425217e+002	-7.114619e-002
2.421900e+002	-7.761403e-002
2.420771e+002	-6.791228e-002
2.416798e+002	-7.923099e-002
2.415888e+002	-6.791228e-002
2.414322e+002	-6.144444e-002
2.407067e+002	-9.701754e-002
2.405720e+002	-8.893274e-002
2.402403e+002	-9.540058e-002
2.400618e+002	-9.054970e-002
2.399708e+002	-7.923099e-002
2.399455e+002	-6.306140e-002
2.397451e+002	-5.982748e-002
2.391728e+002	-8.408187e-002
2.389505e+002	-8.246491e-002
2.386845e+002	-8.408187e-002
2.384841e+002	-8.084795e-002
2.383056e+002	-7.599707e-002
2.381271e+002	-7.114619e-002
2.379267e+002	-6.791228e-002
2.377482e+002	-6.306140e-002
2.375259e+002	-6.144444e-002
2.371068e+002	-7.438011e-002
2.370595e+002	-5.982748e-002
2.367497e+002	-6.467836e-002
2.366150e+002	-5.659356e-002
2.361958e+002	-6.952924e-002
2.361267e+002	-5.659356e-002
2.355106e+002	-8.408187e-002
2.354415e+002	-7.114619e-002
2.350880e+002	-7.923099e-002
2.348001e+002	-8.246491e-002
2.348404e+002	-6.144444e-002
2.342899e+002	-8.408187e-002
2.340677e+002	-8.246491e-002
2.337579e+002	-8.731579e-002
2.338419e+002	-6.306140e-002
2.334884e+002	-7.114619e-002
2.330692e+002	-8.408187e-002
2.330876e+002	-6.467836e-002
2.326466e+002	-7.923099e-002
2.324681e+002	-7.438011e-002
2.325083e+002	-5.335965e-002
2.317172e+002	-9.378362e-002
2.316700e+002	-7.923099e-002
2.316009e+002	-6.629532e-002
2.312692e+002	-7.276316e-002
2.311345e+002	-6.467836e-002
2.308247e+002	-6.952924e-002
2.305149e+002	-7.438011e-002
2.304020e+002	-6.467836e-002
2.298953e+002	-8.408187e-002
2.298919e+002	-6.629532e-002
2.297571e+002	-5.821052e-002
2.294036e+002	-6.629532e-002
2.290501e+002	-7.438011e-002
2.289153e+002	-6.629532e-002
2.287587e+002	-5.982748e-002
2.284489e+002	-6.467836e-002
2.281829e+002	-6.629532e-002
2.278075e+002	-7.599707e-002
2.275852e+002	-7.438011e-002
2.275598e+002	-5.821052e-002
2.273157e+002	-5.821052e-002
2.269403e+002	-6.791228e-002
2.266743e+002	-6.952924e-002
2.263426e+002	-7.599707e-002
2.263829e+002	-5.497661e-002
2.260950e+002	-5.821052e-002
2.257414e+002	-6.629532e-002
2.256723e+002	-5.335965e-002
2.255376e+002	-4.527485e-002
2.252497e+002	-4.850877e-002
2.248743e+002	-5.821052e-002
2.246520e+002	-5.659356e-002
2.244954e+002	-5.012573e-002
2.242294e+002	-5.174269e-002
2.240727e+002	-4.527485e-002
2.235660e+002	-6.467836e-002
2.235626e+002	-4.689181e-002
2.232747e+002	-5.012573e-002
2.230962e+002	-4.527485e-002
2.226551e+002	-5.982748e-002
2.222797e+002	-6.952924e-002
2.221887e+002	-5.821052e-002
2.221634e+002	-4.204093e-002
2.216567e+002	-6.144444e-002
2.215219e+002	-5.335965e-002
2.213215e+002	-5.012573e-002
2.210336e+002	-5.335965e-002
2.210083e+002	-3.719006e-002
2.204797e+002	-5.821052e-002
2.204544e+002	-4.204093e-002
2.200133e+002	-5.659356e-002
2.198348e+002	-5.174269e-002
2.195031e+002	-5.821052e-002
2.194559e+002	-4.365789e-002
2.191242e+002	-5.012573e-002
2.189020e+002	-4.850877e-002
2.187891e+002	-3.880702e-002
2.183918e+002	-5.012573e-002
2.182790e+002	-4.042397e-002
2.182536e+002	-2.425438e-002
2.179657e+002	-2.748830e-002
2.173934e+002	-5.174269e-002
2.171492e+002	-5.174269e-002
2.168395e+002	-5.659356e-002
2.167485e+002	-4.527485e-002
2.160230e+002	-8.084795e-002
2.159757e+002	-6.629532e-002
2.160379e+002	-4.365789e-002
2.158375e+002	-4.042397e-002
2.152214e+002	-6.791228e-002
2.151305e+002	-5.659356e-002
2.149738e+002	-5.012573e-002
2.148172e+002	-4.365789e-002
2.144637e+002	-5.174269e-002
2.144821e+002	-3.233918e-002
2.142817e+002	-2.910526e-002
2.137531e+002	-5.012573e-002
2.135746e+002	-4.527485e-002
2.133742e+002	-4.204093e-002
2.130207e+002	-5.012573e-002
2.127328e+002	-5.335965e-002
2.127731e+002	-3.233918e-002
2.123539e+002	-4.527485e-002
2.121098e+002	-4.527485e-002
2.119313e+002	-4.042397e-002
2.114464e+002	-5.821052e-002
2.113336e+002	-4.850877e-002
2.111551e+002	-4.365789e-002
2.107578e+002	-5.497661e-002
2.108418e+002	-3.072222e-002
2.106633e+002	-2.587134e-002
2.102441e+002	-3.880702e-002
2.098687e+002	-4.850877e-002
2.097121e+002	-4.204093e-002
2.094679e+002	-4.204093e-002
2.091800e+002	-4.527485e-002
2.089359e+002	-4.527485e-002
2.089105e+002	-2.910526e-002
2.087102e+002	-2.587134e-002
2.082910e+002	-3.880702e-002
2.080687e+002	-3.719006e-002
2.078246e+002	-3.719006e-002
2.078211e+002	-1.940351e-002
2.074894e+002	-2.587134e-002
2.072891e+002	-2.263742e-002
2.069137e+002	-3.233918e-002
2.065601e+002	-4.042397e-002
2.063816e+002	-3.557310e-002
2.061812e+002	-3.233918e-002
2.059152e+002	-3.395614e-002
2.055179e+002	-4.527485e-002
2.053613e+002	-3.880702e-002
2.052265e+002	-3.072222e-002
2.051793e+002	-1.616959e-002
2.047820e+002	-2.748830e-002
2.045379e+002	-2.748830e-002
2.042937e+002	-2.748830e-002
2.040933e+002	-2.425438e-002
2.035429e+002	-4.689181e-002
2.034081e+002	-3.880702e-002
2.031202e+002	-4.204093e-002
2.029198e+002	-3.880702e-002
2.028289e+002	-2.748830e-002
2.024972e+002	-3.395614e-002
2.022312e+002	-3.557310e-002
2.021621e+002	-2.263742e-002
2.017210e+002	-3.719006e-002
2.016082e+002	-2.748830e-002
2.015390e+002	-1.455263e-002
2.010323e+002	-3.395614e-002
2.009414e+002	-2.263742e-002
2.006097e+002	-2.910526e-002
2.001687e+002	-4.365789e-002
2.001871e+002	-2.425438e-002
1.999429e+002	-2.425438e-002
1.994800e+002	-4.042397e-002
1.996515e+002	-9.701754e-003
1.992324e+002	-2.263742e-002
1.991633e+002	-9.701754e-003
1.990285e+002	-1.616959e-003
1.988062e+002	0.000000e+000
1.983652e+002	-1.455263e-002
1.980335e+002	-2.102047e-002
1.976800e+002	-2.910526e-002
1.976546e+002	-1.293567e-002
1.976293e+002	3.233918e-003
1.971226e+002	-1.616959e-002
1.970097e+002	-6.467836e-003
1.967656e+002	-6.467836e-003
1.964120e+002	-1.455263e-002
1.962117e+002	-1.131871e-002
1.960113e+002	-8.084795e-003
1.958765e+002	0.000000e+000
1.955011e+002	-9.701754e-003
1.952351e+002	-1.131871e-002
1.950566e+002	-6.467836e-003
1.949437e+002	3.233918e-003
1.945027e+002	-1.131871e-002
1.941054e+002	-2.263742e-002
1.938394e+002	-2.425438e-002
1.938796e+002	-3.233918e-003
1.936792e+002	0.000000e+000
1.933476e+002	-6.467836e-003
1.928409e+002	-2.587134e-002
1.926843e+002	-1.940351e-002
1.924183e+002	-2.102047e-002
1.922835e+002	-1.293567e-002
1.922363e+002	1.616959e-003
1.920140e+002	3.233918e-003
1.916605e+002	-4.850877e-003
1.913288e+002	-1.131871e-002
1.911722e+002	-4.850877e-003
1.908624e+002	-9.701754e-003
1.904651e+002	-2.102047e-002
1.902428e+002	-1.940351e-002
1.900643e+002	-1.455263e-002
1.899077e+002	-8.084795e-003
1.897073e+002	-4.850877e-003
1.893976e+002	-9.701754e-003
1.890003e+002	-2.102047e-002
1.889093e+002	-9.701754e-003
1.885776e+002	-1.616959e-002
1.885522e+002	0.000000e+000
1.880893e+002	-1.616959e-002
1.879765e+002	-6.467836e-003
1.877323e+002	-6.467836e-003
1.877070e+002	9.701754e-003
1.873315e+002	0.000000e+000
1.870874e+002	0.000000e+000
1.869308e+002	6.467836e-003
1.867523e+002	1.131871e-002
1.864862e+002	9.701754e-003
1.862202e+002	8.084795e-003
1.858886e+002	1.616959e-003
1.856007e+002	-1.616959e-003
1.853565e+002	-1.616959e-003
1.851561e+002	1.616959e-003
1.849120e+002	1.616959e-003
1.848429e+002	1.455263e-002
1.844018e+002	0.000000e+000
1.841139e+002	-3.233918e-003
1.838698e+002	-3.233918e-003
1.837788e+002	8.084795e-003
1.835565e+002	9.701754e-003
1.832249e+002	3.233918e-003
1.828713e+002	-4.850877e-003
1.830429e+002	2.587134e-002
1.827769e+002	2.425438e-002
1.820951e+002	-8.084795e-003
1.819604e+002	0.000000e+000
1.818257e+002	8.084795e-003
1.815159e+002	3.233918e-003
1.814686e+002	1.778655e-002
1.809838e+002	0.000000e+000
1.809147e+002	1.293567e-002
1.807581e+002	1.940351e-002
1.806671e+002	3.072222e-002
1.801604e+002	1.131871e-002
1.798069e+002	3.233918e-003
1.796503e+002	9.701754e-003
1.794718e+002	1.455263e-002
1.792495e+002	1.616959e-002
1.790710e+002	2.102047e-002
1.789143e+002	2.748830e-002
1.784514e+002	1.131871e-002
1.783386e+002	2.102047e-002
1.780725e+002	1.940351e-002
1.778284e+002	1.940351e-002
1.776718e+002	2.587134e-002
1.773839e+002	2.263742e-002
1.772272e+002	2.910526e-002
1.765893e+002	0.000000e+000
1.764764e+002	9.701754e-003
1.762323e+002	9.701754e-003
1.761413e+002	2.102047e-002
1.758971e+002	2.102047e-002
1.758718e+002	3.719006e-002
1.753213e+002	1.455263e-002
1.753616e+002	3.557310e-002
1.750081e+002	2.748830e-002
1.746545e+002	1.940351e-002
1.744542e+002	2.263742e-002
1.743413e+002	3.233918e-002
1.738783e+002	1.616959e-002
1.735905e+002	1.293567e-002
1.735432e+002	2.748830e-002
1.735835e+002	4.850877e-002
1.730331e+002	2.587134e-002
1.728546e+002	3.072222e-002
1.726323e+002	3.233918e-002
1.723881e+002	3.233918e-002
1.721002e+002	2.910526e-002
1.719874e+002	3.880702e-002
1.716120e+002	2.910526e-002
1.712366e+002	1.940351e-002
1.711893e+002	3.395614e-002
1.707264e+002	1.778655e-002
1.708104e+002	4.204093e-002
1.706100e+002	4.527485e-002
1.702346e+002	3.557310e-002
1.699905e+002	3.557310e-002
1.698995e+002	4.689181e-002
1.694366e+002	3.072222e-002
1.693018e+002	3.880702e-002
1.691452e+002	4.527485e-002
1.688354e+002	4.042397e-002
1.686350e+002	4.365789e-002
1.686315e+002	6.144444e-002
1.682124e+002	4.850877e-002
1.680120e+002	5.174269e-002
1.675928e+002	3.880702e-002
1.673268e+002	3.719006e-002
1.670608e+002	3.557310e-002
1.667072e+002	2.748830e-002
1.666162e+002	3.880702e-002
1.665034e+002	4.850877e-002
1.661061e+002	3.719006e-002
1.659276e+002	4.204093e-002
1.657491e+002	4.689181e-002
1.654612e+002	4.365789e-002
1.652170e+002	4.365789e-002
1.649729e+002	4.365789e-002
1.649038e+002	5.659356e-002
1.645065e+002	4.527485e-002
1.641311e+002	3.557310e-002
1.639744e+002	4.204093e-002
1.638178e+002	4.850877e-002
1.636174e+002	5.174269e-002
1.633514e+002	5.012573e-002
1.631291e+002	5.174269e-002
1.629725e+002	5.821052e-002
1.628159e+002	6.467836e-002
1.624186e+002	5.335965e-002
1.623932e+002	6.952924e-002
1.621053e+002	6.629532e-002
1.615549e+002	4.365789e-002
1.613764e+002	4.850877e-002
1.612197e+002	5.497661e-002
1.608443e+002	4.527485e-002
1.606877e+002	5.174269e-002
1.603998e+002	4.850877e-002
1.601338e+002	4.689181e-002
1.598678e+002	4.527485e-002
1.597111e+002	5.174269e-002
1.593576e+002	4.365789e-002
1.592447e+002	5.335965e-002
1.588693e+002	4.365789e-002
1.585814e+002	4.042397e-002
1.585779e+002	5.821052e-002
1.582463e+002	5.174269e-002
1.579803e+002	5.012573e-002
1.577799e+002	5.335965e-002
1.578420e+002	7.599707e-002
1.572697e+002	5.174269e-002
1.570475e+002	5.335965e-002
1.569346e+002	6.306140e-002
1.565810e+002	5.497661e-002
1.564682e+002	6.467836e-002
1.562240e+002	6.467836e-002
1.558705e+002	5.659356e-002
1.557357e+002	6.467836e-002
1.553385e+002	5.335965e-002
1.550943e+002	5.335965e-002
1.550471e+002	6.791228e-002
1.548248e+002	6.952924e-002
1.543619e+002	5.335965e-002
1.542709e+002	6.467836e-002
1.540486e+002	6.629532e-002
1.538045e+002	6.629532e-002
1.534728e+002	5.982748e-002
1.533818e+002	7.114619e-002
1.531377e+002	7.114619e-002
1.529373e+002	7.438011e-002
1.526932e+002	7.438011e-002
1.522959e+002	6.306140e-002
1.519205e+002	5.335965e-002
1.520920e+002	8.408187e-002
1.515416e+002	6.144444e-002
1.511661e+002	5.174269e-002
1.508564e+002	4.689181e-002
1.506779e+002	5.174269e-002
1.506525e+002	6.791228e-002
1.505615e+002	7.923099e-002
1.500111e+002	5.659356e-002
1.498326e+002	6.144444e-002
1.495447e+002	5.821052e-002
1.490817e+002	4.204093e-002
1.490783e+002	5.982748e-002
1.489873e+002	7.114619e-002
1.486994e+002	6.791228e-002
1.483677e+002	6.144444e-002
1.480579e+002	5.659356e-002
1.477263e+002	5.012573e-002
1.478103e+002	7.438011e-002
1.473693e+002	5.982748e-002
1.469501e+002	4.689181e-002
1.470341e+002	7.114619e-002
1.468337e+002	7.438011e-002
1.464802e+002	6.629532e-002
1.463236e+002	7.276316e-002
1.460138e+002	6.791228e-002
1.458572e+002	7.438011e-002
1.454161e+002	5.982748e-002
1.451282e+002	5.659356e-002
1.450591e+002	6.952924e-002
1.445962e+002	5.335965e-002
1.446583e+002	7.599707e-002
1.444798e+002	8.084795e-002
1.439294e+002	5.821052e-002
1.438603e+002	7.114619e-002
1.435724e+002	6.791228e-002
1.431751e+002	5.659356e-002
1.429747e+002	5.982748e-002
1.427087e+002	5.821052e-002
1.426396e+002	7.114619e-002
1.424829e+002	7.761403e-002
1.419981e+002	5.982748e-002
1.419509e+002	7.438011e-002
1.416192e+002	6.791228e-002
1.415282e+002	7.923099e-002
1.411528e+002	6.952924e-002
1.408868e+002	6.791228e-002
1.406427e+002	6.791228e-002
1.404642e+002	7.276316e-002
1.401763e+002	6.952924e-002
1.399540e+002	7.114619e-002
1.397755e+002	7.599707e-002
1.394876e+002	7.276316e-002
1.393310e+002	7.923099e-002
1.388680e+002	6.306140e-002
1.386895e+002	6.791228e-002
1.386642e+002	8.408187e-002
1.383544e+002	7.923099e-002
1.380227e+002	7.276316e-002
1.378005e+002	7.438011e-002
1.376439e+002	8.084795e-002
1.373341e+002	7.599707e-002
1.372868e+002	9.054970e-002
1.369333e+002	8.246491e-002
1.362735e+002	5.174269e-002
1.362481e+002	6.791228e-002
1.362665e+002	8.731579e-002
1.358036e+002	7.114619e-002
1.357563e+002	8.569882e-002
1.353372e+002	7.276316e-002
1.350493e+002	6.952924e-002
1.346301e+002	5.659356e-002
1.344297e+002	5.982748e-002
1.342075e+002	6.144444e-002
1.337883e+002	4.850877e-002
1.337410e+002	6.306140e-002
1.337157e+002	7.923099e-002
1.330996e+002	5.174269e-002
1.328773e+002	5.335965e-002
1.328301e+002	6.791228e-002
1.326735e+002	7.438011e-002
1.323856e+002	7.114619e-002
1.319883e+002	5.982748e-002
1.317223e+002	5.821052e-002
1.312593e+002	4.204093e-002
1.312996e+002	6.306140e-002
1.311430e+002	6.952924e-002
1.307895e+002	6.144444e-002
1.306110e+002	6.629532e-002
1.303230e+002	6.306140e-002
1.299476e+002	5.335965e-002
1.299660e+002	7.276316e-002
1.299188e+002	8.731579e-002
1.293902e+002	6.629532e-002
1.293868e+002	8.408187e-002
1.291645e+002	8.569882e-002
1.287672e+002	7.438011e-002
1.285231e+002	7.438011e-002
1.284539e+002	8.731579e-002
1.280785e+002	7.761403e-002
1.278782e+002	8.084795e-002
1.272621e+002	5.335965e-002
1.271054e+002	5.982748e-002
1.269707e+002	6.791228e-002
1.269016e+002	8.084795e-002
1.265043e+002	6.952924e-002
1.263039e+002	7.276316e-002
1.259722e+002	6.629532e-002
1.258156e+002	7.276316e-002
1.252433e+002	4.850877e-002
1.250867e+002	5.497661e-002
1.249300e+002	6.144444e-002
1.246859e+002	6.144444e-002
1.243980e+002	5.821052e-002
1.242851e+002	6.791228e-002
1.241066e+002	7.276316e-002
1.237312e+002	6.306140e-002
1.235965e+002	7.114619e-002
1.234617e+002	7.923099e-002
1.231301e+002	7.276316e-002
1.227328e+002	6.144444e-002
1.225980e+002	6.952924e-002
1.223539e+002	6.952924e-002
1.219566e+002	5.821052e-002
1.218437e+002	6.791228e-002
1.216433e+002	7.114619e-002
1.214867e+002	7.761403e-002
1.211113e+002	6.791228e-002
1.209109e+002	7.114619e-002
1.207761e+002	7.923099e-002
1.204664e+002	7.438011e-002
1.201347e+002	6.791228e-002
1.198030e+002	6.144444e-002
1.198433e+002	8.246491e-002
1.194242e+002	6.952924e-002
1.189612e+002	5.335965e-002
1.188921e+002	6.629532e-002
1.184292e+002	5.012573e-002
1.185789e+002	7.923099e-002
1.181597e+002	6.629532e-002
1.180249e+002	7.438011e-002
1.176058e+002	6.144444e-002
1.176242e+002	8.084795e-002
1.171175e+002	6.144444e-002
1.172015e+002	8.569882e-002
1.166292e+002	6.144444e-002
1.164069e+002	6.306140e-002
1.163378e+002	7.599707e-002
1.159843e+002	6.791228e-002
1.157401e+002	6.791228e-002
1.156710e+002	8.084795e-002
1.152081e+002	6.467836e-002
1.149858e+002	6.629532e-002
1.147636e+002	6.791228e-002
1.143225e+002	5.335965e-002
1.141440e+002	5.821052e-002
1.140968e+002	7.276316e-002
1.138745e+002	7.438011e-002
1.134991e+002	6.467836e-002
1.132987e+002	6.791228e-002
1.131858e+002	7.761403e-002
1.129636e+002	7.923099e-002
1.125882e+002	6.952924e-002
1.121471e+002	5.497661e-002
1.120780e+002	6.791228e-002
1.118557e+002	6.952924e-002
1.115460e+002	6.467836e-002
1.113237e+002	6.629532e-002
1.111233e+002	6.952924e-002
1.107916e+002	6.306140e-002
1.107444e+002	7.761403e-002
1.101502e+002	5.174269e-002
1.101686e+002	7.114619e-002
1.099245e+002	7.114619e-002
1.094834e+002	5.659356e-002
1.093924e+002	6.791228e-002
1.089733e+002	5.497661e-002
1.087948e+002	5.982748e-002
1.085287e+002	5.821052e-002
1.081752e+002	5.012573e-002
1.079748e+002	5.335965e-002
1.078182e+002	5.982748e-002
1.076178e+002	6.306140e-002
1.072205e+002	5.174269e-002
1.069326e+002	4.850877e-002
1.067541e+002	5.335965e-002
1.061599e+002	2.748830e-002
1.063096e+002	5.659356e-002
1.057810e+002	3.557310e-002
1.056900e+002	4.689181e-002
1.054459e+002	4.689181e-002
1.051361e+002	4.204093e-002
1.049357e+002	4.527485e-002
1.047134e+002	4.689181e-002
1.044474e+002	4.527485e-002
1.042252e+002	4.689181e-002
1.040248e+002	5.012573e-002
1.036494e+002	4.042397e-002
1.034709e+002	4.527485e-002
1.033142e+002	5.174269e-002
1.031357e+002	5.659356e-002
1.026947e+002	4.204093e-002
1.023411e+002	3.395614e-002
1.022064e+002	4.204093e-002
1.019841e+002	4.365789e-002
1.018056e+002	4.850877e-002
1.015833e+002	5.012573e-002
1.013173e+002	4.850877e-002
1.009200e+002	3.719006e-002
1.008290e+002	4.850877e-002
1.004536e+002	3.880702e-002
1.001220e+002	3.233918e-002
1.000091e+002	4.204093e-002
9.969932e+001	3.719006e-002
9.963021e+001	5.012573e-002
9.925479e+001	4.042397e-002
9.885750e+001	2.910526e-002
9.874463e+001	3.880702e-002
9.865364e+001	5.012573e-002
9.834386e+001	4.527485e-002
9.794657e+001	3.395614e-002
9.772430e+001	3.557310e-002
9.765519e+001	4.850877e-002
9.736729e+001	4.527485e-002
9.707939e+001	4.204093e-002
9.692276e+001	4.850877e-002
9.648171e+001	3.395614e-002
9.615005e+001	2.748830e-002
9.590591e+001	2.748830e-002
9.559613e+001	2.263742e-002
9.552702e+001	3.557310e-002
9.526100e+001	3.395614e-002
9.503874e+001	3.557310e-002
9.499150e+001	5.012573e-002
9.459421e+001	3.880702e-002
9.435006e+001	3.880702e-002
9.425907e+001	5.012573e-002
9.381802e+001	3.557310e-002
9.350824e+001	3.072222e-002
9.313283e+001	2.102047e-002
9.304183e+001	3.233918e-002
9.266642e+001	2.263742e-002
9.261919e+001	3.719006e-002
9.226565e+001	2.910526e-002
9.199963e+001	2.748830e-002
9.186488e+001	3.557310e-002
9.140195e+001	1.940351e-002
9.113593e+001	1.778655e-002
9.089179e+001	1.778655e-002
9.060388e+001	1.455263e-002
9.044726e+001	2.102047e-002
9.022499e+001	2.263742e-002
8.993710e+001	1.940351e-002
8.969295e+001	1.940351e-002
8.951444e+001	2.425438e-002
8.937970e+001	3.233918e-002
8.887301e+001	1.293567e-002
8.882578e+001	2.748830e-002
8.845036e+001	1.778655e-002
8.796555e+001	0.000000e+000
8.772141e+001	0.000000e+000
8.747727e+001	0.000000e+000
8.716749e+001	-4.850877e-003
8.720777e+001	1.616959e-002
8.687611e+001	9.701754e-003
8.665385e+001	1.131871e-002
8.658473e+001	2.425438e-002
8.631871e+001	2.263742e-002
8.585579e+001	6.467836e-003
8.558976e+001	4.850877e-003
8.552065e+001	1.778655e-002
8.532027e+001	2.102047e-002
8.503237e+001	1.778655e-002
8.452568e+001	-1.616959e-003
8.436905e+001	4.850877e-003
8.412491e+001	4.850877e-003
8.385889e+001	3.233918e-003
8.357099e+001	0.000000e+000
8.332685e+001	0.000000e+000
8.312646e+001	3.233918e-003
8.275104e+001	-6.467836e-003
8.270381e+001	8.084795e-003
8.243779e+001	6.467836e-003
8.212801e+001	1.616959e-003
8.177447e+001	-6.467836e-003
8.157409e+001	-3.233918e-003
8.128619e+001	-6.467836e-003
8.110769e+001	-1.616959e-003
8.084167e+001	-3.233918e-003
8.064128e+001	0.000000e+000
8.063780e+001	1.778655e-002
8.017487e+001	1.616959e-003
7.995261e+001	3.233918e-003
7.966471e+001	0.000000e+000
7.931117e+001	-8.084795e-003
7.893576e+001	-1.778655e-002
7.880101e+001	-9.701754e-003
7.864438e+001	-3.233918e-003
7.831272e+001	-9.701754e-003
7.819985e+001	0.000000e+000
7.782444e+001	-9.701754e-003
7.760217e+001	-8.084795e-003
7.724864e+001	-1.616959e-002
7.713577e+001	-6.467836e-003
7.697914e+001	0.000000e+000
7.671312e+001	-1.616959e-003
7.625019e+001	-1.778655e-002
7.596229e+001	-2.102047e-002
7.587130e+001	-9.701754e-003
7.556152e+001	-1.455263e-002
7.518610e+001	-2.425438e-002
7.513887e+001	-9.701754e-003
7.469782e+001	-2.425438e-002
7.438804e+001	-2.910526e-002
7.427517e+001	-1.940351e-002
7.381224e+001	-3.557310e-002
7.380876e+001	-1.778655e-002
7.369589e+001	-8.084795e-003
7.318921e+001	-2.748830e-002
7.285755e+001	-3.395614e-002
7.283219e+001	-1.778655e-002
7.245678e+001	-2.748830e-002
7.201572e+001	-4.204093e-002
7.196849e+001	-2.748830e-002
7.150556e+001	-4.365789e-002
7.150209e+001	-2.587134e-002
7.123607e+001	-2.748830e-002
7.116695e+001	-1.455263e-002
7.085718e+001	-1.940351e-002
7.052552e+001	-2.587134e-002
7.019386e+001	-3.233918e-002
6.999348e+001	-2.910526e-002
6.953054e+001	-4.527485e-002
6.935204e+001	-4.042397e-002
6.932668e+001	-2.425438e-002
6.899503e+001	-3.072222e-002
6.842270e+001	-5.497661e-002
6.830983e+001	-4.527485e-002
6.835011e+001	-2.425438e-002
6.795282e+001	-3.557310e-002
6.770868e+001	-3.557310e-002
6.759581e+001	-2.587134e-002
6.746106e+001	-1.778655e-002
6.675747e+001	-5.174269e-002
6.679775e+001	-3.072222e-002
6.635669e+001	-4.527485e-002
6.617819e+001	-4.042397e-002
6.610907e+001	-2.748830e-002
6.564614e+001	-4.365789e-002
6.540200e+001	-4.365789e-002
6.509222e+001	-4.850877e-002
6.482620e+001	-5.012573e-002
6.462582e+001	-4.689181e-002
6.431604e+001	-5.174269e-002
6.400626e+001	-5.659356e-002
6.371836e+001	-5.982748e-002
6.356174e+001	-5.335965e-002
6.336135e+001	-5.012573e-002
6.320472e+001	-4.365789e-002
6.298245e+001	-4.204093e-002
6.254140e+001	-5.659356e-002
6.236290e+001	-5.174269e-002
6.214064e+001	-5.012573e-002
6.200588e+001	-4.204093e-002
6.167423e+001	-4.850877e-002
6.132069e+001	-5.659356e-002
6.109843e+001	-5.497661e-002
6.070113e+001	-6.629532e-002
6.028196e+001	-7.923099e-002
6.014721e+001	-7.114619e-002
6.012186e+001	-5.497661e-002
5.983396e+001	-5.821052e-002
5.954606e+001	-6.144444e-002
5.912688e+001	-7.438011e-002
5.892650e+001	-7.114619e-002
5.876987e+001	-6.467836e-002
5.850385e+001	-6.629532e-002
5.830347e+001	-6.306140e-002
5.801556e+001	-6.629532e-002
5.777142e+001	-6.629532e-002
5.757104e+001	-6.306140e-002
5.712998e+001	-7.761403e-002
5.706088e+001	-6.467836e-002
5.679485e+001	-6.629532e-002
5.659447e+001	-6.306140e-002
5.637220e+001	-6.144444e-002
5.593115e+001	-7.599707e-002
5.559949e+001	-8.246491e-002
5.553038e+001	-6.952924e-002
5.543939e+001	-5.821052e-002
5.506397e+001	-6.791228e-002
5.495110e+001	-5.821052e-002
5.466321e+001	-6.144444e-002
5.411276e+001	-8.408187e-002
5.417492e+001	-6.144444e-002
5.388702e+001	-6.467836e-002
5.353349e+001	-7.276316e-002
5.350813e+001	-5.659356e-002
5.289205e+001	-8.408187e-002
5.253851e+001	-9.216666e-002
5.255692e+001	-7.276316e-002
5.224713e+001	-7.761403e-002
5.200299e+001	-7.761403e-002
5.182449e+001	-7.276316e-002
5.144907e+001	-8.246491e-002
5.111741e+001	-8.893274e-002
5.104830e+001	-7.599707e-002
5.071664e+001	-8.246491e-002
5.071317e+001	-6.467836e-002
5.016273e+001	-8.731579e-002
4.991858e+001	-8.731579e-002
4.976195e+001	-8.084795e-002
4.978036e+001	-6.144444e-002
4.944870e+001	-6.791228e-002
4.913892e+001	-7.276316e-002
4.887290e+001	-7.438011e-002
4.849748e+001	-8.408187e-002
4.831898e+001	-7.923099e-002
4.811859e+001	-7.599707e-002
4.791821e+001	-7.276316e-002
4.767407e+001	-7.276316e-002
4.736428e+001	-7.761403e-002
4.701075e+001	-8.569882e-002
4.689788e+001	-7.599707e-002
4.656622e+001	-8.246491e-002
4.623456e+001	-8.893274e-002
4.588103e+001	-9.701754e-002
4.563688e+001	-9.701754e-002
4.548026e+001	-9.054970e-002
4.517048e+001	-9.540058e-002
4.503573e+001	-8.731579e-002
4.468220e+001	-9.540058e-002
4.443805e+001	-9.540058e-002
4.415015e+001	-9.863450e-002
4.390601e+001	-9.863450e-002
4.361811e+001	-1.018684e-001
4.352712e+001	-9.054970e-002
4.323922e+001	-9.378362e-002
4.290756e+001	-1.002515e-001
4.253215e+001	-1.099532e-001
4.230988e+001	-1.083362e-001
4.221889e+001	-9.701754e-002
4.182160e+001	-1.083362e-001
4.151182e+001	-1.131871e-001
4.144271e+001	-1.002515e-001
4.137360e+001	-8.731579e-002
4.102006e+001	-9.540058e-002
4.079779e+001	-9.378362e-002
4.055365e+001	-9.378362e-002
4.013448e+001	-1.067193e-001
4.013100e+001	-8.893274e-002
3.988686e+001	-8.893274e-002
3.968648e+001	-8.569882e-002
3.913603e+001	-1.083362e-001
3.911067e+001	-9.216666e-002
3.884465e+001	-9.378362e-002
3.855675e+001	-9.701754e-002
3.846576e+001	-8.569882e-002
3.793719e+001	-1.067193e-001
3.793372e+001	-8.893274e-002
3.766770e+001	-9.054970e-002
3.748919e+001	-8.569882e-002
3.715753e+001	-9.216666e-002
3.649770e+001	-1.228889e-001
3.623168e+001	-1.245058e-001
3.627196e+001	-1.034854e-001
3.611533e+001	-9.701754e-002
3.593682e+001	-9.216666e-002
3.569268e+001	-9.216666e-002
3.514223e+001	-1.148041e-001
3.509500e+001	-1.002515e-001
3.520092e+001	-7.438011e-002
3.469423e+001	-9.378362e-002
3.438445e+001	-9.863450e-002
3.394340e+001	-1.131871e-001
3.396180e+001	-9.378362e-002
3.404584e+001	-6.952924e-002
3.321097e+001	-1.131871e-001
3.329501e+001	-8.893274e-002
3.274457e+001	-1.115702e-001
3.239103e+001	-1.196550e-001
3.240944e+001	-1.002515e-001
3.225281e+001	-9.378362e-002
3.172424e+001	-1.148041e-001
3.172076e+001	-9.701754e-002
3.145474e+001	-9.863450e-002
3.114496e+001	-1.034854e-001
3.103209e+001	-9.378362e-002
3.091922e+001	-8.408187e-002
3.058756e+001	-9.054970e-002
3.029967e+001	-9.378362e-002
3.014304e+001	-8.731579e-002
2.974575e+001	-9.863450e-002
2.947973e+001	-1.002515e-001
2.936685e+001	-9.054970e-002
2.886017e+001	-1.099532e-001
2.876918e+001	-9.863450e-002
2.865631e+001	-8.893274e-002
2.832465e+001	-9.540058e-002
2.790548e+001	-1.083362e-001
2.763946e+001	-1.099532e-001
2.728592e+001	-1.180380e-001
2.723868e+001	-1.034854e-001
2.701642e+001	-1.018684e-001
2.694731e+001	-8.893274e-002
2.646250e+001	-1.067193e-001
2.650278e+001	-8.569882e-002
2.601797e+001	-1.034854e-001
2.599262e+001	-8.731579e-002
2.583599e+001	-8.084795e-002
2.561373e+001	-7.923099e-002
2.519455e+001	-9.216666e-002
2.499417e+001	-8.893274e-002
2.479378e+001	-8.569882e-002
2.457152e+001	-8.408187e-002
2.426174e+001	-8.893274e-002
2.419263e+001	-7.599707e-002
2.379534e+001	-8.731579e-002
2.341992e+001	-9.701754e-002
2.326329e+001	-9.054970e-002
2.341297e+001	-6.144444e-002
2.299380e+001	-7.438011e-002
2.290281e+001	-6.306140e-002
2.254927e+001	-7.114619e-002
2.237076e+001	-6.629532e-002
2.208286e+001	-6.952924e-002
2.175121e+001	-7.599707e-002
2.155082e+001	-7.276316e-002
2.141607e+001	-6.467836e-002
2.130320e+001	-5.497661e-002
2.110282e+001	-5.174269e-002
2.061801e+001	-6.952924e-002
2.061453e+001	-5.174269e-002
2.056730e+001	-3.719006e-002
2.010437e+001	-5.335965e-002
2.003526e+001	-4.042397e-002
1.981299e+001	-3.880702e-002
1.939382e+001	-5.174269e-002
1.932471e+001	-3.880702e-002
1.908057e+001	-3.880702e-002
1.881454e+001	-4.042397e-002
1.850476e+001	-4.527485e-002
1.826062e+001	-4.527485e-002
1.823527e+001	-2.910526e-002
1.805676e+001	-2.425438e-002
1.800953e+001	-9.701754e-003
1.767787e+001	-1.616959e-002
1.752124e+001	-9.701754e-003
1.721147e+001	-1.455263e-002
1.703296e+001	-9.701754e-003
1.676694e+001	-1.131871e-002
1.656655e+001	-8.084795e-003
1.632241e+001	-8.084795e-003
1.629706e+001	8.084795e-003
1.605292e+001	8.084795e-003
1.587441e+001	1.293567e-002
1.556463e+001	8.084795e-003
1.553927e+001	2.425438e-002
1.544828e+001	3.557310e-002
1.498536e+001	1.940351e-002
1.485060e+001	2.748830e-002
1.482525e+001	4.365789e-002
1.447171e+001	3.557310e-002
1.446824e+001	5.335965e-002
1.435537e+001	6.306140e-002
1.397995e+001	5.335965e-002
1.404211e+001	7.599707e-002
1.397300e+001	8.893274e-002
1.368510e+001	8.569882e-002
1.350660e+001	9.054970e-002
1.339373e+001	1.002515e-001
1.323710e+001	1.067193e-001
1.281793e+001	9.378362e-002
1.290197e+001	1.180380e-001
1.267970e+001	1.196550e-001
1.245744e+001	1.212719e-001
1.238833e+001	1.342076e-001
1.236297e+001	1.503772e-001
1.218447e+001	1.552281e-001
1.207160e+001	1.649298e-001
1.184933e+001	1.665468e-001
1.164895e+001	1.697807e-001
1.147044e+001	1.746316e-001
1.140133e+001	1.875672e-001
1.141973e+001	2.069707e-001
1.128499e+001	2.150555e-001
1.117212e+001	2.247573e-001
1.092797e+001	2.247573e-001
1.092450e+001	2.425438e-001
1.061472e+001	2.376930e-001
1.056749e+001	2.522456e-001
1.038898e+001	2.570965e-001
1.023235e+001	2.635643e-001
9.988211e+000	2.635643e-001
1.002849e+001	2.845848e-001
1.000314e+001	3.007544e-001
9.868391e+000	3.088392e-001
9.930552e+000	3.314766e-001
9.642654e+000	3.282427e-001
9.529781e+000	3.379444e-001
9.416913e+000	3.476462e-001
9.435317e+000	3.670497e-001
9.081780e+000	3.589649e-001
8.968910e+000	3.686667e-001
8.899798e+000	3.816023e-001
8.765051e+000	3.896871e-001
8.652180e+000	3.993889e-001
8.561190e+000	4.107076e-001
8.404562e+000	4.171754e-001
8.488603e+000	4.414298e-001
8.156944e+000	4.349620e-001
7.978439e+000	4.398129e-001
7.996842e+000	4.592164e-001
7.796458e+000	4.624503e-001
7.749224e+000	4.770029e-001
7.745749e+000	4.947894e-001
7.457848e+000	4.915555e-001
7.323100e+000	4.996403e-001
7.275867e+000	5.141930e-001
7.119241e+000	5.206608e-001
6.940734e+000	5.255117e-001
7.002895e+000	5.481491e-001
6.846268e+000	5.546169e-001
6.777157e+000	5.675526e-001
6.576772e+000	5.707865e-001
6.573296e+000	5.885731e-001
6.547942e+000	6.047426e-001
6.369435e+000	6.095935e-001
6.278444e+000	6.209123e-001
6.143697e+000	6.289970e-001
6.096463e+000	6.435497e-001
6.114868e+000	6.629532e-001
6.111391e+000	6.807397e-001
5.954765e+000	6.872076e-001
5.907531e+000	7.017602e-001
5.816541e+000	7.130789e-001
5.791186e+000	7.292485e-001
5.722073e+000	7.421841e-001
5.521689e+000	7.454181e-001
5.518214e+000	7.632046e-001
5.470980e+000	7.777572e-001
5.401870e+000	7.906930e-001
5.245242e+000	7.971608e-001
5.132373e+000	8.068625e-001
4.910109e+000	8.084795e-001
5.037906e+000	8.359678e-001
5.056310e+000	8.553713e-001
4.877803e+000	8.602222e-001
4.830599e+000	8.747748e-001
4.717729e+000	8.844765e-001
4.648618e+000	8.974123e-001
4.645143e+000	9.151988e-001
4.510394e+000	9.232836e-001
4.375645e+000	9.313683e-001
4.372170e+000	9.491549e-001
4.368694e+000	9.669414e-001
4.146432e+000	9.685585e-001
4.186713e+000	9.895789e-001
4.139481e+000	1.004132e+000
3.895339e+000	1.004132e+000
3.782468e+000	1.013833e+000
3.713356e+000	1.026769e+000
3.775517e+000	1.049406e+000
3.662648e+000	1.059108e+000
3.593536e+000	1.072044e+000
3.590061e+000	1.089830e+000
3.542829e+000	1.104383e+000
3.561232e+000	1.123787e+000
3.448361e+000	1.133488e+000
3.247977e+000	1.136722e+000
3.222623e+000	1.152892e+000
3.175390e+000	1.167444e+000
3.128157e+000	1.181997e+000
3.080924e+000	1.196550e+000
2.968054e+000	1.206251e+000
2.964579e+000	1.224038e+000
2.961104e+000	1.241825e+000
2.826355e+000	1.249909e+000
2.844758e+000	1.269313e+000
2.775646e+000	1.282248e+000
2.728413e+000	1.296801e+000
2.571786e+000	1.303269e+000
2.502674e+000	1.316205e+000
2.455442e+000	1.330757e+000
2.408208e+000	1.345310e+000
2.339096e+000	1.358246e+000
2.357499e+000	1.377649e+000
2.332145e+000	1.393819e+000
2.241155e+000	1.405137e+000
2.237679e+000	1.422924e+000
2.212325e+000	1.439094e+000
1.990061e+000	1.440710e+000
2.052223e+000	1.463348e+000
1.983111e+000	1.476284e+000
1.826483e+000	1.482751e+000
1.866766e+000	1.503772e+000
1.885169e+000	1.523175e+000
1.794179e+000	1.534494e+000
1.746945e+000	1.549047e+000
1.612198e+000	1.557132e+000
1.564964e+000	1.571684e+000
1.649004e+000	1.595938e+000
1.558013e+000	1.607257e+000
1.576416e+000	1.626661e+000
1.551062e+000	1.642830e+000
1.569465e+000	1.662234e+000
1.544112e+000	1.678403e+000
1.431243e+000	1.688105e+000
1.471524e+000	1.709126e+000
1.402412e+000	1.722061e+000
1.289543e+000	1.731763e+000
1.176674e+000	1.741465e+000
1.173199e+000	1.759251e+000
1.147843e+000	1.775421e+000
1.013096e+000	1.783506e+000
9.877407e-001	1.799675e+000
9.842652e-001	1.817462e+000
8.276380e-001	1.823930e+000
8.460425e-001	1.843333e+000
8.644440e-001	1.862737e+000
6.859398e-001	1.867588e+000
5.949493e-001	1.878906e+000
7.008674e-001	1.904778e+000
6.317553e-001	1.917713e+000
6.064000e-001	1.933883e+000
5.810477e-001	1.950053e+000
5.556924e-001	1.966222e+000
4.865803e-001	1.979158e+000
5.049848e-001	1.998561e+000
4.577511e-001	2.013114e+000
4.105173e-001	2.027666e+000
3.632866e-001	2.042219e+000
3.379313e-001	2.058389e+000
2.688192e-001	2.071324e+000
2.653423e-001	2.089111e+000
1.962332e-001	2.102047e+000
1.708779e-001	2.118216e+000
1.017657e-001	2.131152e+000
1.201702e-001	2.150556e+000
2.260885e-001	2.176427e+000
1.132195e-001	2.186129e+000
2.410161e-001	2.213617e+000
